***** Simulation Inputs *****Compute_Cost: onshore cost model
Compute_Wake: 2D PARK
Cp: 0.5
Eval_Objective: COP
RandomStart: False
U0: [7.0, 10.0]
WCOE: 0.1
XLocations: [[0.0], [200.0], [400.0], [0.0], [200.0], [400.0], [0.0], [200.0]]
YLocations: [[0.0], [0.0], [0.0], [200.0], [200.0], [200.0], [400.0], [400.0]]
Zref: 80.0
a: 17.19
aif: 0.314
alphah: 0.11
analysis_type: hardcode
availability: 0.95
constraint_scale: 0.5
cut_in: 3.5
cut_out: 25.0
depth: 200.0
directions: [0.0, 10.0, 20.0, 30.0, 40.0, 50.0, 60.0, 70.0, 80.0, 90.0, 100.0, 110.0, 120.0, 130.0, 140.0, 150.0, 160.0, 170.0, 180.0, 190.0, 200.0, 210.0, 220.0, 230.0, 240.0, 250.0, 260.0, 270.0, 280.0, 290.0, 300.0, 310.0, 320.0, 330.0, 340.0, 350.0]
distance_to_shore: 32.0
elite: 0.1
generations_to_converge: 100.0
global_weight: 0.001
hh: [80.0, 80.0, 80.0, 80.0, 80.0, 80.0, 80.0, 80.0, 80.0, 80.0, 80.0, 80.0, 80.0, 80.0, 80.0, 80.0, 80.0, 80.0, 80.0, 80.0, 80.0, 80.0, 80.0, 80.0, 80.0, 80.0, 80.0, 80.0, 80.0, 80.0, 80.0, 80.0, 80.0, 80.0, 80.0, 80.0, 80.0, 80.0, 80.0, 80.0, 80.0, 80.0, 80.0, 80.0, 80.0, 80.0, 80.0, 80.0, 80.0, 80.0, 80.0, 80.0, 80.0, 80.0, 80.0, 80.0, 80.0, 80.0, 80.0, 80.0, 80.0, 80.0, 80.0, 80.0, 80.0, 80.0, 80.0, 80.0, 80.0, 80.0, 80.0, 80.0]
init_step: 8.0
initial_num: 8.0
mateable_range: 0.8
max_pop_tries: 100.0
mesh_size: 200.0
minstep: 1.0
mlDenom: 2.0
mutation_rate: 0.1
num_pops: 5.0
numx: 100.0
numy: 100.0
nwp: False
optimize: False
population_size: 100.0
probwui: [[0.013888889, 0.013888889], [0.013888889, 0.013888889], [0.013888889, 0.013888889], [0.013888889, 0.013888889], [0.013888889, 0.013888889], [0.013888889, 0.013888889], [0.013888889, 0.013888889], [0.013888889, 0.013888889], [0.013888889, 0.013888889], [0.013888889, 0.013888889], [0.013888889, 0.013888889], [0.013888889, 0.013888889], [0.013888889, 0.013888889], [0.013888889, 0.013888889], [0.013888889, 0.013888889], [0.013888889, 0.013888889], [0.013888889, 0.013888889], [0.013888889, 0.013888889], [0.013888889, 0.013888889], [0.013888889, 0.013888889], [0.013888889, 0.013888889], [0.013888889, 0.013888889], [0.013888889, 0.013888889], [0.013888889, 0.013888889], [0.013888889, 0.013888889], [0.013888889, 0.013888889], [0.013888889, 0.013888889], [0.013888889, 0.013888889], [0.013888889, 0.013888889], [0.013888889, 0.013888889], [0.013888889, 0.013888889], [0.013888889, 0.013888889], [0.013888889, 0.013888889], [0.013888889, 0.013888889], [0.013888889, 0.013888889], [0.013888889, 0.013888889]]
rated: 12.0
ro: 1.225
rr: [40.0, 40.0, 40.0, 40.0, 40.0, 40.0, 40.0, 40.0, 40.0, 40.0, 40.0, 40.0, 40.0, 40.0, 40.0, 40.0, 40.0, 40.0, 40.0, 40.0, 40.0, 40.0, 40.0, 40.0, 40.0, 40.0, 40.0, 40.0, 40.0, 40.0, 40.0, 40.0, 40.0, 40.0, 40.0, 40.0, 40.0, 40.0, 40.0, 40.0, 40.0, 40.0, 40.0, 40.0, 40.0, 40.0, 40.0, 40.0, 40.0, 40.0, 40.0, 40.0, 40.0, 40.0, 40.0, 40.0, 40.0, 40.0, 40.0, 40.0, 40.0, 40.0, 40.0, 40.0, 40.0, 40.0, 40.0, 40.0, 40.0, 40.0, 40.0, 40.0]
self_weight: 0.001
shore: off
site_x: 800.0
site_y: 600.0
swarm_size: 20.0
turb_sep: 200.0
yrs: 20.0
z0: 0.0005



***** Simulation Outputs *****
final objective: 1251172.91141
final turbine power outputs: [[6.966765381072938, 20.311269332574163], [6.966765381072938, 20.311269332574163], [6.966765381072938, 20.311269332574163], [1.0262422311665012, 2.9919598576282822], [1.0262422311665012, 2.9919598576282822], [1.0262422311665012, 2.9919598576282822], [0.0, 1.3187069057183529], [0.0, 1.3187069057183529]]
final turbine windspeeds: [[[7.0, 10.0], [7.0, 10.0], [7.0, 10.0], [3.6968991708833459, 5.2812845298333508], [3.6968991708833459, 5.2812845298333508], [3.6968991708833459, 5.2812845298333508], [2.8134235071534932, 4.019176438790705], [2.8134235071534932, 4.019176438790705]]]
total cost: 120770871.866
final turbine x-locations: [[0.0], [200.0], [400.0], [0.0], [200.0], [400.0], [0.0], [200.0]]
final turbine y-locations: [[0.0], [0.0], [0.0], [200.0], [200.0], [200.0], [400.0], [400.0]]
number of evaluations made: 1
analysis time: 0.0005205233891805013 minutes